0.000000000000000000 	
0.000000000000000000 	
0.000000000000000000 	
0.000000000000000000 	
0.000000000000000000 	
0.000000000000000000 	
0.000150780446056793 	
0.000486544381847425 	
0.000447686532319414 	
0.000163735483732273 	
0.000270087399497021 	
0.000044171727743426 	
0.000154928806831691 	
0.000150782254409359 	
0.000078628984315423 	
0.000696781363989735 	
0.002710285508580791 	
0.004767009705374203 	
0.003101486783175709 	
0.003118068736698628 	
0.002897368179802039 	
0.004418813658834410 	
0.003600832778963127 	
0.005724020866500577 	
0.006039579942171818 	
0.003491517930294218 	
0.003105629560159841 	
0.004899353386112152 	
0.007728817373199347 	
0.003298392052487934 	
0.004082157986856193 	
0.003517676275677606 	
0.004592546078740545 	
0.009251874293188299 	
0.008952170470704740 	
0.007637224238882116 	
0.014972064909508680 	
0.010767559252263003 	
0.010898997313492014 	
0.004173756562924884 	
0.004478301946216852 	
0.006935011109345686 	
0.004257923068823356 	
0.002084659659602152 	
0.003550335303200915 	
0.003588643303299895 	
0.013947648247369455 	
0.005232396959432640 	
0.004411554592574716 	
0.008911160176095249 	
0.005223800990758872 	
0.003288421228344638 	
0.001901733223075591 	
0.002156393009718341 	
0.001370118524599011 	
0.002186246542270321 	
0.003394338046676997 	
0.002627530412817241 	
0.002592152763730344 	
0.002973039708802246 	
0.005786200973236125 	
0.004231639652598549 	
0.006544379372285105 	
0.011423684204063348 	
0.011225566923032157 	
0.010372270960797103 	
0.005942249385724413 	
0.003927376541034386 	
0.008834851837190134 	
0.009434977473371499 	
0.004815223194699680 	
0.005328072560093550 	
0.003826481046532041 	
0.004152585836982719 	
0.003201275859812767 	
0.006489604633061466 	
0.002903564291872795 	
0.001862084746995939 	
0.001378405238704864 	
0.003062445931442824 	
0.005089493549830278 	
0.005268908998809427 	
0.008727322384738423 	
0.003762924725860057 	
0.002942146891873078 	
0.001433310913840459 	
0.000977434201354204 	
0.005020662022919784 	
0.007211254927633289 	
0.003670358456261791 	
0.003185788854879804 	
0.002501877617238879 	
0.006769251564350136 	
0.008286390141690601 	
0.005302569531426601 	
0.004055442249021672 	
0.003716780858715614 	
0.004862369767782900 	
0.008500862702395204 	
0.003298854066764683 	
0.003136130761636264 	
0.004793877562024955 	
0.005538610476206509 	
0.005248866530391799 	
0.006109958777460850 	
0.004164625920667870 	
0.003497254648934141 	
0.009786069585761814 	
0.013490886962837338 	
0.004812230648512611 	
0.002847646450084726 	
0.004439793424903833 	
0.003279588710952513 	
0.002574868989980712 	
0.004102411084784882 	
0.006725774930203089 	
0.003533467835393549 	
0.001870733978256455 	
0.014238080184823204 	
0.004886641883745988 	
0.002453231410749423 	
0.008709706248610335 	
0.004591831839665395 	
0.006884820824757092 	
0.004697407923179256 	
0.002098334183576162 	
0.001107536476310680 	
0.002995181294814205 	
0.001482657727949915 	
0.001613551372611401 	
0.003601391530971610 	
0.003370826920579547 	
0.001649944083685370 	
0.001404957980473491 	
0.001150341775781133 	
0.002119251932357905 	
0.001573335824213850 	
0.002396501103676768 	
0.002777385128259810 	
0.001918807440822715 	
0.001577360273091267 	
0.003756661850670711 	
0.007100484370704346 	
0.004878528578577122 	
0.003980285633725197 	
0.005124631602419141 	
0.004556196710385004 	
0.002383219056320479 	
0.003366996099018800 	
0.003298149744161907 	
0.003837943521102679 	
0.003577397735186086 	
0.000880674101786822 	
0.002002759829280422 	
0.004379598949500274 	
0.000954465495055695 	
0.001073100179286354 	
0.001809687529336046 	
0.000930247216927498 	
0.000260676734818637 	
0.000805545396941441 	
0.000543959519784993 	
0.000292350023169002 	
0.000421392198954761 	
0.000223437335431468 	
0.000002715241609081 	
0.000000000000000000 	
0.000000000000000000 	
0.000000000000000000 	
0.000000000000000000 	
0.000000000000000000 	
0.000000000000000000 	
0.000000000000000000 	
0.000000000000000000 	
0.000000000000000000 	
0.500000000000000000 	
0.000000000000000000 	
0.000161541711612739 	
0.000373549172758744 	
0.002458879518760598 	
0.001637965650591561 	
0.002840946253168443 	
0.004243538708159664 	
0.004129393504995187 	
0.004499840190751529 	
0.001896603197431884 	
0.002332271088447181 	
0.003748848989254166 	
0.002771860513123112 	
0.005350134253212275 	
0.003699189270818651 	
0.003223825870251750 	
0.003184272959157657 	
0.005442574939117033 	
0.003468488229263371 	
0.006278101110028755 	
0.003092687083884733 	
0.001328852408284945 	
0.006816171176545046 	
0.003516729321200164 	
0.004796420790572212 	
0.005996288198482479 	
0.003155521785458977 	
0.007372942014131216 	
0.009973267618340088 	
0.007985765985177608 	
0.007342655250672550 	
0.008186857707512211 	
0.004706475417430331 	
0.002439458060000577 	
0.006175497821357957 	
0.011510397501372902 	
0.007904159628530871 	
0.005547387425749112 	
0.007238044678851363 	
0.003522043962844541 	
0.005186347313931762 	
0.002457339734148742 	
0.001923760189137593 	
0.002878231468649545 	
0.002628984947289644 	
0.004495842606817953 	
0.004515369665197362 	
0.005049661125666508 	
0.004879561029506450 	
0.002765648643840705 	
0.003805593983301882 	
0.010075457552262459 	
0.005612139826756171 	
0.003486383539148622 	
0.002538887263425803 	
0.003278980347995218 	
0.002985421887382708 	
0.002354049763480801 	
0.009984839230044512 	
0.006835627002549316 	
0.005404629192443136 	
0.004085148607333174 	
0.004865510465111987 	
0.004921625900797582 	
0.002432415859450837 	
0.004808851973487960 	
0.002841821097062862 	
0.003202102733653687 	
0.001524661476651235 	
0.002895147834066567 	
0.005829384556137070 	
0.005188601097757871 	
0.006497255955128143 	
0.005224087032010874 	
0.012041302575864625 	
0.008828308387330643 	
0.004705629939412847 	
0.004919156327168890 	
0.004050964014867617 	
0.004185326327094720 	
0.003835817522391981 	
0.004801171165214215 	
0.002701191500708860 	
0.002957450425736322 	
0.001598411530308518 	
0.001550179117454578 	
0.001891923988883137 	
0.002728326979452774 	
0.003452146731069866 	
0.005222758450253904 	
0.008363127787003427 	
0.002597906729820005 	
0.005917553857446902 	
0.008437011331091631 	
0.003344283278333796 	
0.002032446676016206 	
0.004794086058420410 	
0.003707865976767348 	
0.001230954168176417 	
0.003291338261163396 	
0.003604472423403438 	
0.004703277608932123 	
0.002719849415968155 	
0.003448998045234373 	
0.002780456510520884 	
0.002503157976542786 	
0.006083783739796749 	
0.002840325888071258 	
0.003598327527974661 	
0.001935384320464828 	
0.001632549946674711 	
0.001443035229430174 	
0.003833337300693302 	
0.002358813370665328 	
0.001484239471926461 	
0.002232002992967841 	
0.001235769452892099 	
0.000688088752691628 	
0.000758810161855425 	
0.001207641196294925 	
0.003382952982285817 	
0.005203385541635312 	
0.004825270131671089 	
0.004771547852713413 	
0.003160863452165298 	
0.006147130944778226 	
0.002335413991965329 	
0.002842550524567545 	
0.001775398702974136 	
0.001036150726955159 	
0.000197248446683152 	
0.000630644004970742 	
0.001852217553194441 	
0.001436892412086229 	
0.000831036176404978 	
0.000532793338410995 	
0.000334746390032520 	
0.000315322128564956 	
0.000315324474065260 	
0.001463222788961671 	
0.000157661079286228 	
0.000474514724377855 	
0.000515728661638355 	
0.000207344656197313 	
0.000253981422748471 	
0.000274936126801719 	
0.000814641165830894 	
0.000669539389338845 	
0.000630652213901319 	
0.000234541912197914 	
0.000080788449174083 	
0.000476816832686794 	
0.000703674579190739 	
0.000344083826690224 	
0.000885214753209987 	
0.002306737337247447 	
0.000685865221435682 	
0.000157661079286117 	
0.000069131307233536 	
0.000351825149934355 	
0.000000000000000000 	
0.000000000000000000 	
0.000015524873629220 	
0.000101750193961162 	
0.002311109258435640 	
0.004431660731520837 	
0.000353395462161783 	
0.000057481202066401 	
0.000046581657470638 	
0.000187968472539467 	
0.000000000000000000 	
0.000000000000000000 	
0.000000000000000000 	
0.000000000000000000 	
0.000000000000000000 	
0.000000000000000000 	
0.000000000000000000 	
0.000000000000000000 	
0.000000000000000000 	
0.000092145746474065 	
0.001251488592920157 	
0.000466792833152880 	
0.000250389547371381 	
0.000000000000000000 	
0.000247910056631150 	
0.001278566503135396 	
0.000373845601098535 	
0.000160494446812900 	
0.000308761698471195 	
0.000558951499439424 	
0.000138320031121665 	
0.000078608331702194 	
0.001153172886663152 	
0.000729079457145820 	
0.000288667631537722 	
0.000769666663154415 	
0.001486414826173019 	
0.000382025965302074 	
0.001659435178119793 	
0.001849069451394354 	
0.002446844595922926 	
0.001268562916050883 	
0.001725734235423383 	
0.000719925098893784 	
0.001348183758348668 	
0.000814335355594565 	
0.000579762494650486 	
0.001643072450011967 	
0.000823199024729600 	
0.000830741604106651 	
0.001806732107501788 	
0.001424104849937215 	
0.001297408775778323 	
0.005048696239502789 	
0.004793409302931878 	
0.002410875467591136 	
0.003581920665701012 	
0.001153710866381758 	
0.002057617943894369 	
0.002734474119442798 	
0.003428763751861832 	
0.002804636362638091 	
0.003139787511403174 	
0.004004889255688777 	
0.005419381839215981 	
0.007598820172838023 	
0.006699415402747389 	
0.003151620485281465 	
0.002680548393464069 	
0.005118067098430617 	
0.008025971443952810 	
0.002195874736704018 	
0.004079095599704405 	
0.008568157069665105 	
0.006069659077161966 	
0.005044181334657607 	
0.004779742983600455 	
0.007659076434463233 	
0.009922326146446975 	
0.004206206896203836 	
0.004849385716837900 	
0.001906372440162448 	
0.003207907866442488 	
0.002629210489271539 	
0.003128740868339819 	
0.002788121037907414 	
0.003759128574110255 	
0.004240843546172449 	
0.007184127533443678 	
0.005475707110338675 	
0.005914671923267033 	
0.003381142591373261 	
0.003662408797023112 	
0.002450274151116393 	
0.003879142613377309 	
0.007496862133043370 	
0.001537568236684546 	
0.003213856881363264 	
0.002518915099649356 	
0.005372079609224823 	
0.004824028078518209 	
0.003569517335600979 	
0.005108530840177548 	
0.007254404178963249 	
0.010016045315102270 	
0.004834276988138130 	
0.006066035822065985 	
0.009551940017498007 	
0.004054821837510873 	
0.003501842323462529 	
0.002635437245018884 	
0.003302680936828424 	
0.005183341508928120 	
0.003558155205821274 	
0.002137935342461178 	
0.003491149362808219 	
0.006209324699332247 	
0.008487697888479216 	
0.004751934209139058 	
0.006722934876936270 	
0.004296995699723105 	
0.004268586675874253 	
0.008522862644856332 	
0.008414336324141495 	
0.006601455955318816 	
0.006076465284623765 	
0.007052622931418778 	
0.005802487636844933 	
0.002936542899980985 	
0.002149399796011043 	
0.000906377789391789 	
0.002232676997008457 	
0.001173801578353323 	
0.003579293797659814 	
0.006467213243063169 	
0.005589641290519208 	
0.005427700062820918 	
0.007513628002722222 	
0.004091946663210141 	
0.008072855948132299 	
0.004961288289258920 	
0.009067777427339378 	
0.004146925594728209 	
0.005327524370831906 	
0.007290660421762014 	
0.003733253726097875 	
0.002909877892592343 	
0.003239850325145415 	
0.003043746149081940 	
0.002415767088267599 	
0.008407508266951851 	
0.003960592039849926 	
0.002610766660825865 	
0.003925603670243617 	
0.003577817676508166 	
0.003709314837910118 	
0.002188771553111154 	
0.003632232413051828 	
0.009282494550766089 	
0.005966410710596489 	
0.006245232704018239 	
0.002722941465933369 	
0.002224507636469648 	
0.003094695280178038 	
0.002966942182257322 	
0.002834403411375726 	
0.002261738303345994 	
0.002765183739517367 	
0.003952682242233932 	
0.000236844542912168 	
0.000053676755171614 	
0.000000000000000000 	
0.000000000000000000 	
0.000000000000000000 	
0.000000000000000000 	
0.000000000000000000 	
0.000000000000000000 	
0.000000000000000000 	
0.000000000000000000 	
0.000000000000000000 	
0.000000000000000000 	
0.000000000000000000 	
0.000000000000000000 	
0.000000000000000000 	
0.000000000000000222 	
0.000000000000000000 	
0.000000000000000000 	
0.000000000000000000 	
0.000000000000000000 	
0.000000000000000000 	
0.000000000000000000 	
0.000000000000000000 	
0.000000000000000000 	
0.000000000000000000 	
0.000000000000000000 	
0.000000000000000000 	
0.000000000000000000 	
0.000000000000000000 	
0.000000000000000000 	
0.000000000000000000 	
0.000000000000000000 	
0.000000000000000000 	
0.000000000000000000 	
0.500000000000000000 	
0.000070716286846123 	
0.000749853202185192 	
0.000711353324915461 	
0.000882652957231473 	
0.002541372765266069 	
0.002231017494293516 	
0.002294341931759768 	
0.003318329307632408 	
0.002390028653677076 	
0.002911198112180052 	
0.004814927463707819 	
0.002678463911625500 	
0.002624152217965644 	
0.004852934442840362 	
0.002894426638024335 	
0.005223095944233431 	
0.002745766076745504 	
0.002257870354249872 	
0.005158173243187795 	
0.005899812519893098 	
0.002308760680115454 	
0.002282825759961518 	
0.001692782352490966 	
0.002512690458270887 	
0.002167661141316368 	
0.002319513994177048 	
0.002113398065371196 	
0.005696955442237098 	
0.005244131376471610 	
0.003484358449780886 	
0.003496632288237786 	
0.004179727196939101 	
0.003548798302885223 	
0.006914747795545896 	
0.004810588097356332 	
0.003133287303378686 	
0.005337567508933372 	
0.003455856077054426 	
0.005951663707972616 	
0.002967497554284387 	
0.002453067699874125 	
0.002582691208678595 	
0.003421986853566685 	
0.002418918012128795 	
0.001350158401946687 	
0.001487333173118724 	
0.002453071852984904 	
0.002132702038398902 	
0.002559892969037168 	
0.001645650455456935 	
0.002760316217458092 	
0.003833134227673447 	
0.006051299968477713 	
0.003916619054304932 	
0.003456065821464358 	
0.002929028007653461 	
0.001371283207899487 	
0.002931746413801694 	
0.003914715461164413 	
0.004833813979664391 	
0.002559002055264501 	
0.002953124001804208 	
0.004090774597955796 	
0.005031786188741390 	
0.004986602855569578 	
0.002967788292704094 	
0.001666621505999809 	
0.006475610680698215 	
0.008046760241016008 	
0.002044035650375618 	
0.004346293952326569 	
0.004376186863030034 	
0.002586387078698430 	
0.002924735459005701 	
0.002400040559287835 	
0.002374810387226519 	
0.003377606133774483 	
0.008333297754145142 	
0.006432998193515956 	
0.005141081808205671 	
0.005176138202727183 	
0.005689374117219983 	
0.004516535336703674 	
0.004847719458473551 	
0.004213851061923002 	
0.003123073428298061 	
0.000705262154399783 	
0.001760683106763078 	
0.002986828881095802 	
0.003340576126681072 	
0.002085528227849685 	
0.004188920439211782 	
0.008350281742253263 	
0.006398376430116122 	
0.003381198791412113 	
0.004021382322382971 	
0.002752010059863623 	
0.002840992266493464 	
0.002259128162206601 	
0.001830268038190335 	
0.001567905086098991 	
0.000801928226154228 	
0.001671404266843435 	
0.003816227494020919 	
0.001866558504639905 	
0.002654169096744229 	
0.001644626615935044 	
0.001367682797935213 	
0.000650286543547017 	
0.000776328568565179 	
0.000689243323133741 	
0.000975397975831453 	
0.001657412491875661 	
0.002020855063935270 	
0.002123153889472742 	
0.001809054748781111 	
0.003847112179521980 	
0.001796767319290406 	
0.002653603537503563 	
0.002593107344263537 	
0.001186270016087482 	
0.003020663872528193 	
0.003413365175787826 	
0.001412578878525371 	
0.001734178235603887 	
0.001321527485575635 	
0.002412996570885593 	
0.004662846386955531 	
0.003105701181846520 	
0.002302927833600485 	
0.002371070198592271 	
0.000777497097693218 	
0.000533636296302544 	
0.001370486423948809 	
0.002003269211972124 	
0.000904783008694023 	
0.000137924897093235 	
0.001353490910031491 	
0.000725043402331845 	
0.001161081635990949 	
0.002497648749370442 	
0.001181840278869991 	
0.001017363907340489 	
0.000794116800470132 	
0.002826795191507368 	
0.001945765576088202 	
0.001106134588302536 	
0.001575284488658265 	
0.001946343603658615 	
0.000192827916022269 	
0.000580416994178055 	
0.000909286135106027 	
0.000483325766265712 	
0.000311422850525475 	
0.000162260551832726 	
0.000217606614181310 	
0.000275172744087211 	
0.000092799334337633 	
0.000162024491473366 	
0.000059298174856381 	
0.000285369709431815 	
0.001237596532161459 	
0.000069988722959457 	
0.000068462985155520 	
0.000000000000000056 	
0.000072976510778652 	
0.000125536239121935 	
0.000009164810942403 	
0.000000000000000000 	
0.000061554937696437 	
0.000284574304265223 	
0.000039474659214641 	
0.000029751195668253 	
0.000000000000000000 	
0.000040968553155850 	
0.000028257301722404 	
0.000107003786684175 	
0.000100673774321770 	
0.000066035234959211 	
0.000003190619656880 	
0.000000000000000000 	
0.000000000000000056 	
0.000000000000000056 	
0.000000000000000000 	
0.000000000000000000 	
0.000000000000000000 	
0.000000000000000056 	
0.000000000000000056 	
0.000000000000000000 	
0.000000000000000000 	
0.000000000000000000 	
0.000000000000000111 	
0.000000000000000000 	
0.000000000000000000 	
0.000000000000000056 	
0.000000000000000000 	
0.000000000000000000 	
0.000000000000000000 	
0.000000000000000000 	
0.000000000000000000 	
0.000000000000000000 	
0.000000000000000000 	
0.000000000000000056 	
0.000000000000000000 	
0.000000000000000000 	
0.000000000000000000 	
0.000000000000000000 	
0.000000000000000000 	
0.000000000000000000 	
0.000000000000000056 	
0.000000000000000000 	
0.000000000000000000 	
0.000000000000000056 	
0.000000000000000000 	
0.000108814137282103 	
0.000000000000000056 	
0.000000000000000000 	
0.000000000000000000 	
0.000000000000000000 	
0.000000000000000056 	
0.000000000000000000 	
0.000053775947286490 	
0.000055038191283856 	
0.000108814137282103 	
0.000112246135574189 	
0.000105382139979797 	
0.000064250396357119 	
0.000262191997256845 	
0.000000000000000000 	
0.000373972364397502 	
0.000230916645018971 	
0.000047995740282657 	
0.000078336386406449 	
0.000627098820590657 	
0.000474331572781491 	
0.000410594828366897 	
0.001262142315487614 	
0.002149297788824137 	
0.000436912597242187 	
0.001156792347239005 	
0.002152126904554899 	
0.002952371852944319 	
0.000378297724147229 	
0.000321787304692508 	
0.001802844435138268 	
0.001683889176429117 	
0.001421708395076682 	
0.001047856865988676 	
0.000141928454620689 	
0.000774272919059062 	
0.000744257696172287 	
0.001475950699807123 	
0.001809799744003154 	
0.000395060532182946 	
0.000212136416284920 	
0.000612480751843008 	
0.000998690490989844 	
0.001440657134576047 	
0.001322990775895692 	
0.001411441863469446 	
0.003504393380351064 	
0.002054599605539479 	
0.003346216602424754 	
0.003172834081949694 	
0.001929849440866067 	
0.001646534785167164 	
0.001191716052413406 	
0.001067313834467297 	
0.002116753160892809 	
0.002115743383767862 	
0.000991257425974677 	
0.001570200280193904 	
0.002605477665909042 	
0.000925284744600765 	
0.001927348928678146 	
0.003436371497974008 	
0.001301233537909972 	
0.000682904056497493 	
0.001119449703894278 	
0.000840505736349307 	
0.001739986560262809 	
0.003587702735322167 	
0.008602754168303165 	
0.003583747543834798 	
0.002316376390076530 	
0.008701128594030117 	
0.002420492862710696 	
0.003769293908661109 	
0.001578169748253174 	
0.003898446521502938 	
0.005358795412796633 	
0.002788708813900438 	
0.005473050997715711 	
0.004408094563064685 	
0.002056699683176228 	
0.004356102808538002 	
0.002635054713377424 	
0.001468813642397081 	
0.002159070205410757 	
0.001230328523373164 	
0.002376932301682809 	
0.001598579810490797 	
0.001645250791772722 	
0.000884873481858609 	
0.000830835451246850 	
0.001770188640592448 	
0.001808665916209500 	
0.001662142914746785 	
0.002103215834817452 	
0.002939400569667590 	
0.002197307856411865 	
0.002682498511977084 	
0.004733280194020471 	
0.007961619941358343 	
0.005544034902229399 	
0.003631009594002141 	
0.004802660307957262 	
0.002635952404273611 	
0.008056306379645901 	
0.007533646837655407 	
0.004930050009636747 	
0.013787812184107611 	
0.010665178612286550 	
0.004328898061342752 	
0.004921378364134448 	
0.004566071263337694 	
0.003385293253487120 	
0.006849543426441342 	
0.006554973385886624 	
0.013742281886137254 	
0.002203291430499071 	
0.001467208647177297 	
0.001936644782093002 	
0.002576887518664236 	
0.002017823212706804 	
0.004311917794746312 	
0.002748163732934971 	
0.000258640304611265 	
0.003158315593928389 	
0.002563480883084364 	
0.006632191878904756 	
0.004512217055389897 	
0.004767403403667389 	
0.005108650417803590 	
0.002834897866851006 	
0.003721285627968883 	
0.003772925918931294 	
0.006520158814205695 	
0.004322131416002118 	
0.003702279021760680 	
0.004275960637925820 	
0.004790716879361869 	
0.007383547201980275 	
0.003828614864737622 	
0.005270535356099531 	
0.003027257242612979 	
0.002944166464246704 	
0.002246883687293989 	
0.001654479218752564 	
0.002531643779727929 	
0.006256488625699746 	
0.004247466461494803 	
0.004627617866670119 	
0.003991855468224391 	
0.003088491197332468 	
0.003738355440967492 	
0.002167409565550065 	
0.002337976617190354 	
0.003620768545698445 	
0.001657540127533212 	
0.002779624202979023 	
0.003396052300358082 	
0.001857605505315940 	
0.001898461374447193 	
0.002449319221854441 	
0.001211073975860223 	
0.002708104999441765 	
0.004892341932090508 	
0.004605321574227357 	
0.001313484838259778 	
0.004694384772478893 	
0.003347221999745390 	
0.006060744283595371 	
0.002709379176328542 	
0.004108942679360305 	
0.006019360689641953 	
0.004193463675802421 	
0.006783231358821871 	
0.001549039400537146 	
0.002264421993703068 	
0.001317248693658471 	
0.002043012182263734 	
0.003206100475656820 	
0.002734049874508085 	
0.001780813119844878 	
0.001620168312102272 	
0.007981776988356027 	
0.004866541292510991 	
0.004268211461452394 	
0.002295294099188092 	
0.003209065538512279 	
0.002951605828523825 	
0.002108152644592839 	
0.004201356497391086 	
0.003019888618439446 	
0.001064731686583469 	
0.001619037745107288 	
0.001262715761791830 	
0.001040267112594039 	
0.001647637060596036 	
0.001259433948658379 	
0.000188596657063938 	
0.000116302726482789 	
0.000101325549032578 	
0.000000000000000111 	
0.000000000000000000 	
0.000000000000000000 	
0.000000000000000111 	
0.000000000000000000 	
0.000000000000000000 	
0.000000000000000000 	
0.000000000000000222 	
0.000000000000000000 	
0.000000000000000000 	
0.000000000000000000 	
0.000000000000000000 	
0.000000000000000111 	
0.000000000000000000 	
0.000000000000000000 	
0.000000000000000000 	
0.000000000000000000 	
0.000000000000000222 	
0.000000000000000000 	
0.000000000000000000 	
0.000000000000000000 	
0.000000000000000000 	
0.000000000000000111 	
0.000000000000000000 	
0.000000000000000000 	
0.000000000000000000 	
0.000000000000000111 	
0.000000000000000000 	
0.000000000000000000 	
0.000000000000000111 	
0.000000000000000000 	
0.000000000000000000 	
0.000000000000000000 	
0.000000000000000000 	
0.000000000000000000 	
0.500000000000000000 	
0.000000000000000000 	
0.000000000000000000 	
0.000000000000000000 	
0.000000000000000000 	
0.000000000000000000 	
0.000000000000000000 	
0.000000000000000000 	
0.000000000000000000 	
0.000000000000000000 	
