0.000000000000000000 	
0.088144832744287374 	
0.035996874076671466 	
0.037893012521312192 	
0.058355116179844325 	
0.034855163090800285 	
0.040881266049885880 	
0.028254278235109218 	
0.017088871392547951 	
0.016945947144528514 	
0.019350520428870047 	
0.024472539554261093 	
0.027068808241248417 	
0.020326690925980023 	
0.014735401737916867 	
0.016492591161500564 	
0.006550840055969831 	
0.030829310404617092 	
0.036797737472340171 	
0.041346060178228006 	
0.027532202572734216 	
0.030024702714631576 	
0.018334178438308962 	
0.015283235315099581 	
0.020818047662811465 	
0.018573220118049766 	
0.024244122952072230 	
0.022235924958694715 	
0.019432486990879794 	
0.022025535148979220 	
0.016517617356660453 	
0.018357096989546431 	
0.030684350725350747 	
0.017485672207010909 	
0.013607936977420229 	
0.025484892347854490 	
0.018219519521239357 	
0.008679100481984496 	
0.007507995569352370 	
0.002551858588498459 	
0.000308741863185128 	
0.000308741863185239 	
0.000308741863185239 	
0.000308741863185350 	
0.000308741863185239 	
0.000308741863185350 	
0.000687643137319535 	
0.006888991838537241 	
0.013045155872686618 	
0.022342428648302486 	
0.021006796899575061 	
0.040988397833728332 	
0.043052966082581148 	
0.046657759403573230 	
0.024718377614120070 	
0.024727097495937825 	
0.024035219527197324 	
0.016816506361139013 	
0.025065859862128306 	
0.022622329385172214 	
0.019306140319128494 	
0.009337165976211800 	
0.018302868262160883 	
0.012062870800421696 	
0.021793241426901783 	
0.024539130804503040 	
0.025409191300840211 	
0.028177912206862013 	
0.019898474956183316 	
0.023316431444720512 	
0.020661222929419347 	
0.018926418070253082 	
0.012609277879505958 	
0.010821792415286666 	
0.036293475914979979 	
0.041988837351445367 	
0.036735995973551823 	
0.058402683543501199 	
0.085138790874885420 	
0.063800116838060611 	
0.000000000000000000 	
0.500000000000000000 	
0.020216063066483079 	
0.087498822135725282 	
0.089546139149687329 	
0.037756001120350421 	
0.039058956585229537 	
0.026600112186002389 	
0.030242346166883687 	
0.020964667235784232 	
0.015280996834230304 	
0.017345446798547721 	
0.019735248058478618 	
0.018541613586096493 	
0.016668474865399421 	
0.024146036129826579 	
0.019577393146715884 	
0.019526134603019989 	
0.017483169532617915 	
0.018322102895537564 	
0.019051681326298708 	
0.026603093722565866 	
0.009826544559055574 	
0.039422344476940069 	
0.017672080292176304 	
0.012601476353089024 	
0.018559088288802573 	
0.015798078554498086 	
0.013841594967556037 	
0.011081904860452919 	
0.002841471143008539 	
0.000278774949596768 	
0.000315573246786585 	
0.002506798995912440 	
0.015622962745857609 	
0.018790229910700691 	
0.026098451835372530 	
0.010614754263578179 	
0.011655641464382960 	
0.019767558776678056 	
0.018246320059672937 	
0.021351175707916659 	
0.025369100070386497 	
0.016370640627191374 	
0.024802548664234658 	
0.029233097309716849 	
0.021460322557807558 	
0.026001812325184375 	
0.019681804927152140 	
0.017723551201926018 	
0.019332467483304847 	
0.019214433127788599 	
0.014425665361893478 	
0.015018860668316642 	
0.014945068152318195 	
0.023811073942180381 	
0.017361157851000040 	
0.031065134925738477 	
0.020755386151448747 	
0.012455752430462019 	
0.013305895483167313 	
0.014805268577247347 	
0.006211924659495722 	
0.004883284725644648 	
0.017195064619460243 	
0.008538951520242161 	
0.017156833519300415 	
0.012917572959032493 	
0.016893517251367070 	
0.017483119593751064 	
0.011306382284215289 	
0.012276649012277242 	
0.026048448676558714 	
0.020331991069739225 	
0.031707166072442540 	
0.028427260684589502 	
0.040875692959228958 	
0.024143622428433952 	
0.065804731415326084 	
0.070528781744233104 	
0.047127418970845145 	
0.500000000000000000 	
0.043229385070276530 	
0.110874855970667666 	
0.057434283238590768 	
0.031088162605635745 	
0.030184754242698397 	
0.013457489568585133 	
0.016071627114047984 	
0.018748130002116930 	
0.017262306495004164 	
0.019350889874684276 	
0.023423150296451967 	
0.018023330112700301 	
0.018515359248527381 	
0.014555906446078643 	
0.014195089091762725 	
0.007459151872034371 	
0.005486934094734199 	
0.039709590075234072 	
0.025298837383559061 	
0.044276885990909148 	
0.050393039410655815 	
0.036018904246049400 	
0.021349785411741849 	
0.029669448187398893 	
0.013884309635123141 	
0.009611046012817802 	
0.005499238242731535 	
0.003229365094344122 	
0.003021893205272741 	
0.000007478954617499 	
0.000463042307563522 	
0.001913179268398093 	
0.003973567416377680 	
0.008545816635925137 	
0.011367428231665712 	
0.013116232798360446 	
0.014360059769043355 	
0.030231768149974678 	
0.030108558391105336 	
0.014471047435253055 	
0.027830451808089376 	
0.016573599791274502 	
0.014893163123795086 	
0.038139479421191835 	
0.015559474538429603 	
0.015908458606860576 	
0.022303748765398444 	
0.014049609283634008 	
0.020447670720950561 	
0.022921724178089124 	
0.018036630901614198 	
0.015162616845325582 	
0.008077597165089576 	
0.007101022521337279 	
0.019990348541222617 	
0.021868776720761408 	
0.028336267276619139 	
0.023651716658712258 	
0.016139529507053465 	
0.035374540482157053 	
0.035375097679071529 	
0.071538097939592218 	
0.065973562597132732 	
0.062322580991502112 	
0.500000000000000000 	
0.004929880238114744 	
0.093697045434437132 	
0.076710738965364234 	
0.025030910939648997 	
0.032248584570069398 	
0.041094481722717270 	
0.039420441335131999 	
0.048330012980802292 	
0.023477870093261511 	
0.023307640387641194 	
0.016932354245104874 	
0.013423143537590615 	
0.019026468682671670 	
0.012187725308953293 	
0.003170146711403516 	
0.001593635411872386 	
0.000000000000000000 	
0.001958504254132461 	
0.007187327049929583 	
0.005759038880575007 	
0.007467184776864671 	
0.006365356086612109 	
0.011922488758089026 	
0.015985570915382098 	
0.017309275544066964 	
0.014763182289740157 	
0.021310138964680422 	
0.027994925181008153 	
0.021002304841015298 	
0.031108971047306675 	
0.012706757214186334 	
0.018946423945289025 	
0.006610234845522601 	
0.015032008673052660 	
0.014755534213151436 	
0.022786754701492405 	
0.021841290657318230 	
0.020528983826483205 	
0.007195486272671026 	
0.015099324438592401 	
0.012393786486473709 	
0.010142102902112508 	
0.009107092686936595 	
0.004264790913661474 	
0.010563733456797647 	
0.024136724929538552 	
0.021803703525535463 	
0.020802893959169406 	
0.014117616549527095 	
0.016238934133048371 	
0.025721158379536747 	
0.015499072228739169 	
0.012613813028250574 	
0.014823194964737012 	
0.019732915402410654 	
0.020634705868634109 	
0.015678625534878442 	
0.027787743723031503 	
0.033996817983731609 	
0.047159614518314089 	
0.100142267593887502 	
0.047836733882091316 	
0.500000000000000000 	
0.031239178633243374 	
0.104863751978348546 	
0.061750643221347087 	
0.077886790918112944 	
0.034017905567378222 	
0.038506699372135300 	
0.013867372689266392 	
0.018322042675329265 	
0.007949869816809571 	
0.010809705379328497 	
0.016908370261385770 	
0.005604955205498884 	
0.006327992107724379 	
0.002214478642355094 	
0.000351276827575730 	
0.000005689992615053 	
0.001200047695717361 	
0.003717074837638945 	
0.010037262945582865 	
0.013061051412318985 	
0.010735880290962103 	
0.031094492119980638 	
0.011108445882438528 	
0.038310599312380497 	
0.030085651691763263 	
0.038919052487189201 	
0.020773306281455611 	
0.011142753701090087 	
0.021329995334677540 	
0.013368231928914859 	
0.012151179510590500 	
0.019359267302467099 	
0.007247782297954091 	
0.010803868153251513 	
0.019189150424880029 	
0.015239309690759510 	
0.011393156393157243 	
0.012208832738493932 	
0.013435584833244462 	
0.011844413714518760 	
0.023204199838798869 	
0.015736121356542586 	
0.011263903934497639 	
0.029882716598666623 	
0.011505446165025735 	
0.007715847435688071 	
0.024054209110033791 	
0.028414789009139949 	
0.015796119105466237 	
0.017157293803956072 	
0.018987774188588224 	
0.026107570895742869 	
0.017489195624871483 	
0.022058780820577457 	
0.046873745880070393 	
0.033667823158749402 	
0.082476872491447153 	
0.046899600209566024 	
0.000000000000000000 	
0.500000000000000000 	
0.020568894273814337 	
0.103214524203273331 	
0.051335279154493187 	
0.039910922072068138 	
0.040204819262827804 	
0.024358136007828719 	
0.020017733744509186 	
0.023278069889342473 	
0.010450907649585299 	
0.006854790492972426 	
0.010930698165041740 	
0.010759194261591297 	
0.021481857035659604 	
0.024842223578696705 	
0.021853897041688285 	
0.010466371513650491 	
0.008629792927629306 	
0.011566885915002535 	
0.001740742966915452 	
0.000000000000000000 	
0.000729129483163300 	
0.004564861093799608 	
0.009026081403377051 	
0.015604600669313119 	
0.008135534297724045 	
0.005450755041944561 	
0.007691491960990164 	
0.008225815662978869 	
0.010630317879057057 	
0.027173992345759439 	
0.016840175509484110 	
0.019805250159284783 	
0.017606628834329022 	
0.014115646140917195 	
0.027727371199104806 	
0.018185418893505650 	
0.019965774806203516 	
0.009218088429749851 	
0.006496884322585717 	
0.012201821192485971 	
0.013503601163037515 	
0.016794674310867546 	
0.017689697986017737 	
0.023456989211585347 	
0.038798931191584930 	
0.011362834506822992 	
0.016039534683434456 	
0.028644072188689303 	
0.041573445926609782 	
0.034570881779998237 	
0.036737726964952061 	
0.023736840319728447 	
0.046934781360906015 	
0.070315716454204272 	
0.016682629942189636 	
0.500000000000000000 	
0.019905705623818794 	
0.059546557955433621 	
0.054903274164705203 	
0.026109736346178823 	
0.036653959171481301 	
0.028076066388660864 	
0.027334958153920782 	
0.029860526579839557 	
0.022276390276157264 	
0.036894111257691278 	
0.033404218051134880 	
0.023374572217094765 	
0.024004109612626098 	
0.029202592954496575 	
0.014995286322997108 	
0.011801817545272602 	
0.010980995720363648 	
0.003141966926596505 	
0.002458010198591906 	
0.000000000000000056 	
0.001394806381883398 	
0.006228967724402516 	
0.017393798376588089 	
0.014047281572190030 	
0.008441388584230439 	
0.033866188040871312 	
0.032632400311621040 	
0.018512791752552590 	
0.015557260769480089 	
0.015452220548833535 	
0.020146574567317457 	
0.019714934294737748 	
0.007756110799359536 	
0.015336828652721740 	
0.028574640052456076 	
0.018742454136303099 	
0.010490230397745557 	
0.017167259297481415 	
0.013885388802274152 	
0.018576575480888525 	
0.009624251366883949 	
0.006737511922998359 	
0.027879995359676973 	
0.013382179087978816 	
0.023387201908999188 	
0.024552531469880554 	
0.026942423376057355 	
0.035986677188396550 	
0.033841989404759042 	
0.061922028095567364 	
0.139006125960463661 	
0.000000000000000000 	
0.500000000000000000 	
0.020485487663073017 	
0.109668834243357119 	
0.055923290166183665 	
0.017090556107149317 	
0.047783630311138629 	
0.037711744317294099 	
0.051032633546111483 	
0.027098982318754534 	
0.027042074079856745 	
0.016477303878049850 	
0.014728426257187531 	
0.010780350610397798 	
0.008555784792086811 	
0.003922362415454181 	
0.000002757121229130 	
0.000326119953754438 	
0.003087612727780521 	
0.006137649716604306 	
0.007850228479208217 	
0.010319280845639735 	
0.010353011651275584 	
0.011041762904501531 	
0.018182702436192567 	
0.018330307393795802 	
0.011335067714566596 	
0.009450086176182627 	
0.013088387477119847 	
0.008625684151388445 	
0.006444483100207846 	
0.008593509178135292 	
0.012581378146922687 	
0.021438382372237046 	
0.014419146345819284 	
0.016926054272323816 	
0.015251602817245122 	
0.016317103770171350 	
0.008302273270004256 	
0.012079002965367663 	
0.029513732585966002 	
0.030014567299577691 	
0.041211285071632402 	
0.032657750195880693 	
0.021945067085404914 	
0.050367105781480896 	
0.030611636663338448 	
0.078290546528735433 	
0.061242153456411992 	
0.500000000000000000 	
0.010549284503941636 	
0.078368056175322276 	
0.073435990072608648 	
0.032622449709384355 	
0.044403393754625618 	
0.038715299009358037 	
0.034935203147609326 	
0.018764680302947163 	
0.015272018838151239 	
0.014724103291952551 	
0.012383427081780873 	
0.003765870862289545 	
0.003871552042255552 	
0.000684084340112133 	
0.000389013661959291 	
0.000000000000000000 	
0.000000000000000000 	
0.000000000000000000 	
0.000000000000000000 	
0.000000000000000000 	
0.000000000000000000 	
0.000000000000000000 	
0.003061110487063265 	
0.018429275499012781 	
0.018185419252460332 	
0.022329327036964195 	
0.013462584790026084 	
0.023455820819617508 	
0.027108687667064466 	
0.045978278416037112 	
0.022245909451925616 	
0.025035865343335833 	
0.024311873912318455 	
0.018149021023263451 	
0.012350094732775102 	
0.019829297545877301 	
0.029413500145369097 	
0.030978595538267741 	
0.033360567299025382 	
0.036460719783725760 	
0.020097741844257274 	
0.014102194695416547 	
0.035149469647112692 	
0.045845946179623787 	
0.120135464107917658 	
0.500000000000000000 	
0.038199935038301804 	
0.116938525712826813 	
0.080042099428926802 	
0.053688236764208426 	
0.043152654201053908 	
0.034623141574178035 	
0.023779383140988569 	
0.009934459475099433 	
0.014151575240437950 	
0.009675042200285946 	
0.003579808830969193 	
0.003535161091307107 	
0.000040633962034604 	
0.000662817938561034 	
0.001634317113797162 	
0.003663929193486493 	
0.008370079569892211 	
0.008799859020209822 	
0.009719186256382498 	
0.020026482292835452 	
0.018310086475962970 	
0.017852657978014018 	
0.023037373751262920 	
0.020685809421217904 	
0.030845808833218139 	
0.044150991802722757 	
0.021640069323444932 	
0.017185056692149491 	
0.016898573049661077 	
0.021796127953711299 	
0.011677326212133124 	
0.011987408155335673 	
0.013827757395883019 	
0.006698575975332045 	
0.020663537211659231 	
0.018024885048090546 	
0.025229066531512453 	
0.017968129232615055 	
0.031949269956917062 	
0.036755764351342819 	
0.041504705107565612 	
0.092147855060690287 	
0.095412390848537851 	
0.500000000000000000 	
0.009471466858914675 	
0.061759768857083168 	
0.065325012383937051 	
0.036212165627906821 	
0.035787160321178541 	
0.035572638309216129 	
0.046636312756346297 	
0.023826614940196798 	
0.021617265697952612 	
0.023393989636318419 	
0.019322706750356987 	
0.024182719825699143 	
0.010141748816200283 	
0.008161075146407645 	
0.010005834010674409 	
0.001791982327387775 	
0.000067259999594198 	
0.000003349999999907 	
0.002003975454503920 	
0.007690198957808391 	
0.005419286157353753 	
0.001802282194324489 	
0.028200061581122832 	
0.016026938772520597 	
0.017560253629702139 	
0.027383187899254428 	
0.020464826109729689 	
0.013131445839206357 	
0.018614657577889424 	
0.014308121464325823 	
0.016825282980313820 	
0.013886859605900994 	
0.007223797322102812 	
0.012703395572263085 	
0.014765255733678470 	
0.011424501220876866 	
0.026254480464479570 	
0.026539424043174182 	
0.014076799022238292 	
0.048020495462810175 	
0.027989455599283501 	
0.067493092528503107 	
0.095658013883799173 	
0.000000000000000000 	
0.500000000000000000 	
0.025148780248802030 	
0.141984269608859848 	
0.055067307648654598 	
0.035829452289947196 	
0.040063567374277187 	
0.024529908527948514 	
0.017849199423697136 	
0.020779723241023972 	
0.016837855692032354 	
0.006204032911594949 	
0.002445700494603323 	
0.000074359999451717 	
0.001826261878591006 	
0.009663240317546758 	
0.008297094589745596 	
0.010087700943353964 	
0.022626133304404949 	
0.009512833448167418 	
0.012742341567670946 	
0.016828349322841298 	
0.030290534824196819 	
0.037289920934735349 	
0.020311456127245026 	
0.013003347213125403 	
0.020303668994034949 	
0.023608570639371256 	
0.012945834961598414 	
0.008504501415249017 	
0.020351180725734039 	
0.025590759406818389 	
0.022632593382172255 	
0.024178766558457233 	
0.012531904852328909 	
0.018895245999261841 	
0.017209690478410668 	
0.006051373688474151 	
0.035099020260280826 	
0.029722820494514385 	
0.023522538459283201 	
0.033158688511296192 	
0.096631715254118136 	
0.134371890969009727 	
0.000000000000000000 	
0.500000000000000000 	
0.000000000000000000 	
0.000000000000000000 	
0.000000000000000000 	
0.000000000000000000 	
0.000000000000000000 	
0.000000000000000000 	
0.026392317361249425 	
0.070201355082747427 	
0.069858328006468809 	
0.064987449823550605 	
0.040241961964205472 	
0.043143870469564687 	
0.036047569573747780 	
0.034854149854397533 	
0.032140670102664082 	
0.013972241776947699 	
0.014279980923144590 	
0.006761012466809948 	
0.006786894266569640 	
0.008674418425174980 	
0.006306165592275093 	
0.007890328866337044 	
0.009435635734162770 	
0.019880084102773039 	
0.017488612867128942 	
0.011363892711964739 	
0.014579818358950584 	
0.009071781560935801 	
0.010209039857385662 	
0.019479705140010239 	
0.021377920261941380 	
0.031230211812911322 	
0.034239390848626740 	
0.047148639418181745 	
0.067002971730185212 	
0.105475052750935799 	
0.014613160833628935 	
0.500000000000000000 	
0.000000000000000000 	
0.000000000000000000 	
0.000000000000000000 	
0.000000000000000000 	
0.000000000000000000 	
0.000000000000000000 	
0.001622434305667240 	
0.059501897856762631 	
0.059937334677522644 	
0.041632268753306272 	
0.069801211701365856 	
0.042448445956884434 	
0.021073766699554783 	
0.019899694021665266 	
0.018625277256138505 	
0.011432196928022919 	
0.027521515064109710 	
0.028659670798485273 	
0.011694506822220601 	
0.012616560806486172 	
0.013365615600183655 	
0.010055484020619778 	
0.024796890628894352 	
0.011951732552873384 	
0.031799704182857512 	
0.027209807685280401 	
0.019767117145638845 	
0.029208979855709385 	
0.041985503046990308 	
0.042279517886793808 	
0.067287902645527517 	
0.075694093681049276 	
0.032146267303777697 	
0.000000000000000000 	
0.500000000000000000 	
0.000000000000000000 	
0.000000000000000000 	
0.000000000000000000 	
0.000000000000000000 	
0.000000000000000000 	
0.000000000000000000 	
0.000000000000000000 	
0.034967031676529613 	
0.076354939157219553 	
0.039269139090788330 	
0.068854492762302016 	
0.044595816894734401 	
0.035687881759297380 	
0.011497996256009913 	
0.028930942752009029 	
0.014462214835514381 	
0.018242119502899879 	
0.008723654653117377 	
0.034999069255818811 	
0.022954493011626564 	
0.015265120387050938 	
0.022566067181443220 	
0.015937245877498989 	
0.010116269393691186 	
0.014689189420191871 	
0.021999030279739165 	
0.005189413653312783 	
0.030262888331640075 	
0.030831034371809053 	
0.068522480089915003 	
0.069701861507302024 	
0.077634611967952585 	
0.000000000000000000 	
0.500000000000000000 	
0.015068265793334083 	
0.094919709785040829 	
0.096806560192525523 	
0.048228223865716624 	
0.048214260619387481 	
0.039726308990670194 	
0.020004719543058280 	
0.022653643570606372 	
0.021964494912084812 	
0.002229765972606346 	
0.000601075049002095 	
0.000059348328983137 	
0.000074295770109349 	
0.000074295793959492 	
0.001438840041086600 	
0.007874768796368267 	
0.013444047860190792 	
0.014305434765943410 	
0.019187743326082831 	
0.029104729846922375 	
0.023761508673069243 	
0.006676803091032682 	
0.010526055491091412 	
0.027687715999690464 	
0.067614946757679956 	
0.058784886885750197 	
0.102502191227679479 	
0.080439149053618514 	
0.000000000000000000 	
0.500000000000000000 	
0.033868158873933150 	
0.099268140493150150 	
0.067986609012191043 	
0.081047130264823852 	
0.047692138368654213 	
0.009666133322771010 	
0.002690906231235333 	
0.000817499271546882 	
0.006592927863063609 	
0.023375756801890381 	
0.016685312278369870 	
0.014489757573228065 	
0.007322048063434896 	
0.010325924247995779 	
0.021748558323764881 	
0.016915392218736017 	
0.032176949828123608 	
0.014650615782645354 	
0.013637558713155248 	
0.035583957909063657 	
0.053433639637064025 	
0.057978460012860486 	
0.056069931157471692 	
0.132639477946897261 	
0.000000000000000000 	
0.000000000000000000 	
0.500000000000000000 	
0.026304110166455830 	
0.120153070238642370 	
0.078434918876127885 	
0.049284134032534871 	
0.008172848926359078 	
0.001529562533514539 	
0.005367219202760358 	
0.009192213594169649 	
0.006565525776561773 	
0.012526305202497274 	
0.009595421778544581 	
0.010620622259601135 	
0.015065048717147532 	
0.017197781543622850 	
0.012955151377318015 	
0.024774673387082027 	
0.022050868865094289 	
0.032626583660384102 	
0.025107734119471894 	
0.035462755592911809 	
0.033222803480681427 	
0.024836635610752434 	
0.064050612785972322 	
0.087279654585714947 	
0.000000000000000000 	
0.000000000000000000 	
0.500000000000000000 	
0.048378397146897532 	
0.091917063569420171 	
0.060024776783092100 	
0.025840477103370892 	
0.043709651634797939 	
0.017152746111440628 	
0.003901261129097361 	
0.000088493570595073 	
0.000000042566881631 	
0.000000042566881575 	
0.004043763126328949 	
0.013977627137359349 	
0.007170563530410425 	
0.012965597512139772 	
0.018057423192462240 	
0.029165204721512801 	
0.050470738668253655 	
0.108501195003796860 	
0.500000000000000000 	
0.026496584881872134 	
0.108396014144257868 	
0.064559242879819054 	
0.047227792567295014 	
0.040095783427186248 	
0.013422919363393428 	
0.008225082519751709 	
0.002884198009382143 	
0.000269075939164617 	
0.002240724625273618 	
0.003250552267562047 	
0.010791608645077234 	
0.025234313266960715 	
0.017460622592777569 	
0.037438148484899528 	
0.058187065483458568 	
0.051123389799590684 	
0.042635023462607537 	
0.000000000000000000 	
0.000000000000000000 	
0.500000000000000000 	
0.000000000000000000 	
0.000000000000000000 	
0.000000000000000000 	
0.000000000000000000 	
0.005368603674544662 	
0.020799669788434644 	
0.023661620636138320 	
0.027040981990246966 	
0.042902800337246708 	
0.061941606133952651 	
0.043943649878251417 	
0.065499067925340229 	
0.103115975919316941 	
0.028746134920014873 	
0.500000000000000000 	
0.000000000000000000 	
0.000000000000000000 	
0.000000000000000000 	
0.000000000000000000 	
0.000000000000000000 	
0.014118476520207014 	
0.057407839980287291 	
0.062185600724804863 	
0.052095197812134710 	
0.018629048620296546 	
0.045170572777179965 	
0.034994088817955342 	
0.017458233885394990 	
0.071469466955829550 	
0.074372013521405198 	
0.000000000000000000 	
0.500000000000000000 	
0.000000000000000000 	
0.000000000000000000 	
0.000000000000000000 	
0.000000000000000000 	
0.000000000000000000 	
0.000000000000000000 	
0.000000000000000000 	
0.000000000000000000 	
0.000000000000000000 	
0.000000000000000000 	
0.000000000000000000 	
0.000000000000000000 	
0.000000000000000000 	
0.000000000000000000 	
0.000000000000000000 	
0.000000000000000000 	
0.000000000000000000 	
0.000000000000000000 	
0.000000000000000000 	
0.000000000000000000 	
0.000000000000000000 	
0.000000000000000000 	
0.000000000000000000 	
0.000000000000000000 	
0.000000000000000000 	
0.000000000000000000 	
0.000000000000000000 	
0.000000000000000000 	
0.000000000000000000 	
0.000000000000000000 	
0.000000000000000000 	
0.000000000000000000 	
0.000000000000000000 	
0.000000000000000000 	
0.000000000000000000 	
0.000000000000000000 	
0.000000000000000000 	
0.000000000000000000 	
0.000000000000000000 	
0.000000000000000000 	
0.000000000000000000 	
0.000000000000000000 	
0.000000000000000000 	
0.000000000000000000 	
0.000000000000000000 	
0.000000000000000000 	
0.000000000000000000 	
0.000000000000000000 	
0.000000000000000000 	
0.000000000000000000 	
