0.000000000000000000 	
0.065369624126729822 	
0.062996075052662401 	
0.080978013176099317 	
0.081152746082628888 	
0.070416537919859662 	
0.077102383664307841 	
0.057099125037150637 	
0.039782639903503010 	
0.056977222324437880 	
0.047616521549055150 	
0.062639995715069743 	
0.062952989542137058 	
0.041987534225707626 	
0.034156378973847934 	
0.036526126177941265 	
0.003241352645898606 	
0.058940826715862038 	
0.042878182825003670 	
0.044880598515941651 	
0.064244273314984668 	
0.031076530749187762 	
0.032384931363145290 	
0.015903581464596108 	
0.036347310340798869 	
0.023352577525464591 	
0.045705661939252164 	
0.038121743935209083 	
0.040924852977218686 	
0.033277291772752599 	
0.027579289122129282 	
0.013912439700160522 	
0.023510049121917176 	
0.025890430279481982 	
0.031202133726766845 	
0.067298068560470825 	
0.065117839076743900 	
0.050830543587662862 	
0.049049570679390253 	
0.012230566071869297 	
0.000506323610179188 	
0.000506323610179410 	
0.000506323610179854 	
0.000506323610179410 	
0.000506323610179410 	
0.000506323610179854 	
0.001938404457861151 	
0.030289393413765971 	
0.019905950734335067 	
0.043254744595049327 	
0.048405647719489089 	
0.063475299174586400 	
0.056701656111482326 	
0.075827293716388730 	
0.044409954332297240 	
0.025988714555188992 	
0.023580588142316207 	
0.022022009442847591 	
0.043848528716300926 	
0.025530297586011975 	
0.025001811065913895 	
0.011921949893119807 	
0.026230177595045714 	
0.019936146167161106 	
0.041450974903612561 	
0.095739646517553456 	
0.066674668370361512 	
0.065300494989095709 	
0.043635829173585459 	
0.059788146284258735 	
0.045824888341672809 	
0.029876688635816474 	
0.031902588748037607 	
0.034235168116448417 	
0.061518869456800900 	
0.086404404653243089 	
0.104563197872488245 	
0.089809574040949330 	
0.060293870854731368 	
0.039643135548267268 	
0.000000000000000000 	
0.500000000000000000 	
0.006845472242311038 	
0.052825225215725240 	
0.097754325509800857 	
0.098770239733988033 	
0.046867548188841111 	
0.077749762518003349 	
0.052736413101974057 	
0.032363369043480923 	
0.025461882648735550 	
0.056553386586934075 	
0.049279591102345158 	
0.053563245528298400 	
0.042353640941094839 	
0.034196190592505796 	
0.073547734127554554 	
0.064777673610760977 	
0.019033897628376487 	
0.026961183337315710 	
0.015502559513126343 	
0.024523207628594206 	
0.016324326066875065 	
0.059443677666830272 	
0.046056947900225693 	
0.052081781832825580 	
0.048241205948212414 	
0.052618680119830501 	
0.031175736936907131 	
0.033591513596038805 	
0.046697039636791421 	
0.002765229407339181 	
0.003388994925375853 	
0.009305235488407204 	
0.022061376763193207 	
0.029555115369542358 	
0.049949470867978005 	
0.026147865070111995 	
0.036736296208056414 	
0.026702213688406164 	
0.021927573257342729 	
0.063809039293122566 	
0.018521862988515478 	
0.029012987012425259 	
0.043790381346864270 	
0.059733157224718052 	
0.021446881950252693 	
0.017776913864952976 	
0.030494485740028297 	
0.021335246968726972 	
0.023521206205228750 	
0.027968484501442008 	
0.028316867288534740 	
0.033721117754103892 	
0.017615228226046709 	
0.030945032888184835 	
0.026968950687534764 	
0.064011024299853350 	
0.064606625754626390 	
0.046798588550578869 	
0.025197992325032413 	
0.030150812343347013 	
0.015378193138648908 	
0.013580858721068517 	
0.057629584195500433 	
0.014996985677523032 	
0.013680140215770832 	
0.026589477027498847 	
0.035082865660088412 	
0.054624252585182706 	
0.022927360250511560 	
0.041753264965578539 	
0.069231390160964038 	
0.080961298600838574 	
0.060144001459212622 	
0.026461593294200430 	
0.062176098654893375 	
0.068389268672548492 	
0.099688522919329461 	
0.047762802007735236 	
0.012007887232923320 	
0.500000000000000000 	
0.020279983747928085 	
0.069941304829912884 	
0.102769115794384622 	
0.062298586580466338 	
0.071855122624392614 	
0.036180995876829471 	
0.042706692065214165 	
0.066887843407432993 	
0.051437232908909114 	
0.073417028017988564 	
0.069708034673838876 	
0.026995612237849520 	
0.031608701228393841 	
0.036218581878270290 	
0.028736647568721140 	
0.006026416957742310 	
0.008082375779319056 	
0.047350443219417032 	
0.023165393457732022 	
0.075769591010673140 	
0.071999232602892871 	
0.046617061289749705 	
0.034588794839087098 	
0.096927823476217631 	
0.044106368494145475 	
0.018663215161727507 	
0.012197009784977664 	
0.007922076988083603 	
0.019658195826014257 	
0.000761809607486039 	
0.004131878734781526 	
0.012703872262569586 	
0.028596650884601154 	
0.032784916131845927 	
0.044630468200300810 	
0.026103815243356789 	
0.028125897623718320 	
0.033068508023807328 	
0.039523013137560584 	
0.022814187537515771 	
0.046061441346938292 	
0.051334726192021424 	
0.029837765020103123 	
0.043250460558365567 	
0.018993635934880078 	
0.045697163537114824 	
0.047310484378206445 	
0.033399668895369203 	
0.074875541493703138 	
0.048773176937677687 	
0.022345209441001001 	
0.018092211008210284 	
0.017266421583004919 	
0.012856795285921128 	
0.021273429402681107 	
0.062937894516667148 	
0.084182475834282858 	
0.049882347048488020 	
0.024555294830821819 	
0.066941052910430579 	
0.082824053764279065 	
0.096372083830712482 	
0.053433125575726832 	
0.044117382098071943 	
0.500000000000000000 	
0.000927938934636469 	
0.069785374474392897 	
0.163554459634394439 	
0.028012366334316557 	
0.044364379359189424 	
0.048704225220899032 	
0.010926049333988405 	
0.040627345021955336 	
0.082490169770218211 	
0.031377596796871084 	
0.043090917435006176 	
0.027319676405067328 	
0.076135261348734745 	
0.079239195820505731 	
0.019751860789001801 	
0.017164637422004487 	
0.000000000000000000 	
0.039812477986588032 	
0.081411649047627557 	
0.030616240243566448 	
0.039083297044097624 	
0.025081859524835232 	
0.024041724376577898 	
0.025702745568908437 	
0.030014837078918784 	
0.051034300119452515 	
0.028202318856787676 	
0.059743906759309150 	
0.020517512054547000 	
0.036699244363720109 	
0.018647944582728209 	
0.040596904553086781 	
0.019684420866940673 	
0.031478740631397308 	
0.029152777131822225 	
0.034799028582653956 	
0.036262967227884753 	
0.041324429178844505 	
0.019896377874438934 	
0.024936215221828439 	
0.029394231173645265 	
0.029687783800100096 	
0.044238647951818269 	
0.022429408070993508 	
0.035958661693143892 	
0.059365428022458498 	
0.040788497153078883 	
0.031321642662753509 	
0.028222320493894674 	
0.012095262276991136 	
0.075831155138991108 	
0.050801176985150728 	
0.027090743709591265 	
0.036834079365433828 	
0.053355570206001394 	
0.046679902329367057 	
0.036335157354296259 	
0.063935791440155612 	
0.061803213218505140 	
0.096322370756687037 	
0.107410165224502738 	
0.020925725197765428 	
0.500000000000000000 	
0.014930547426101979 	
0.090583111613477318 	
0.045594317870590421 	
0.073320903324010658 	
0.032294907475880825 	
0.051437974971426825 	
0.025685908571624030 	
0.031104831654236473 	
0.038862575495916901 	
0.031022111415707456 	
0.114973553427429973 	
0.071757939134533821 	
0.068774762163533440 	
0.021980813794042466 	
0.010565433696872926 	
0.000076212886845189 	
0.023233805855780863 	
0.043744657437012814 	
0.059072302159460424 	
0.025275671647927354 	
0.016931795101799211 	
0.040669804035618505 	
0.013361682992867201 	
0.060909428212078828 	
0.069114801488623021 	
0.056157510430115090 	
0.043613340778258090 	
0.019467384967179372 	
0.012933200295127132 	
0.022639164100834389 	
0.033257851309449013 	
0.026567105751542367 	
0.013509581069700972 	
0.022653317938209870 	
0.038991294154936081 	
0.032237990766970967 	
0.035632667129822299 	
0.062862524594050964 	
0.019469271203625800 	
0.032547261964264093 	
0.068728376091873503 	
0.022376094054330796 	
0.008350193572247080 	
0.063521730888292355 	
0.019885957993842778 	
0.036102581701557918 	
0.048755710263211564 	
0.042580265812924060 	
0.093725581479003547 	
0.041872926929452256 	
0.022341435087252982 	
0.052630954759618639 	
0.038148742957363681 	
0.052977065157984532 	
0.067654952705088436 	
0.104084579011184716 	
0.119768437646170497 	
0.023743896259147728 	
0.000000000000000000 	
0.500000000000000000 	
0.005070736075959217 	
0.073666658267357077 	
0.067408867395806135 	
0.071778179611924828 	
0.070520562313664714 	
0.055666480491483872 	
0.067893752746762320 	
0.079200658149521597 	
0.027367560303555093 	
0.007480431816400682 	
0.042817601015201788 	
0.042957880373484240 	
0.048873974865263611 	
0.091886168153919132 	
0.083742688658442532 	
0.024819744322368401 	
0.031143231526918367 	
0.047383057734408651 	
0.012571369966721067 	
0.000000000000000000 	
0.007411437120702173 	
0.033858874206428538 	
0.028065954945842360 	
0.028223815714645887 	
0.018666466781848884 	
0.022083931170075261 	
0.016340315147412247 	
0.018768796254945524 	
0.040181880578062081 	
0.059462884304797903 	
0.018752547482948589 	
0.020967017459357282 	
0.032957129808419888 	
0.023028331832628656 	
0.079153533774993526 	
0.042003438299731723 	
0.023655231432616865 	
0.018697403192531676 	
0.014861281374589332 	
0.036787219856082264 	
0.056065439635120215 	
0.037439593354747461 	
0.040304657415724934 	
0.058714028507720138 	
0.077297547065699093 	
0.017065852648694060 	
0.038026876478477856 	
0.048413899633861189 	
0.071226706710132329 	
0.062586616133949599 	
0.063652541554013758 	
0.041022760747025579 	
0.091058044802413710 	
0.067131867704401937 	
0.015637870581299750 	
0.500000000000000000 	
0.009115420494440397 	
0.041397961806439315 	
0.091883731826080936 	
0.057139042539697635 	
0.069420513648405333 	
0.052929866677120775 	
0.062546809358623737 	
0.045571257731052334 	
0.037359355245043815 	
0.060191932475882885 	
0.055266936522419242 	
0.061164586683510380 	
0.053608093096031616 	
0.049503033311644039 	
0.048179253189842473 	
0.053272740007438438 	
0.047672970790837460 	
0.029982302216299335 	
0.027747991119818634 	
0.000000000000000000 	
0.009462560053126437 	
0.020698134701430324 	
0.042072762537081490 	
0.038672753737792151 	
0.026843978875981243 	
0.052289721271029051 	
0.047974313939419519 	
0.017284627900056044 	
0.014776920956844519 	
0.023242274785831633 	
0.038383525807776535 	
0.047855717260894194 	
0.027235100834071012 	
0.034520723084688537 	
0.064743351475505598 	
0.037833794071136601 	
0.029228866899082086 	
0.016101560541280764 	
0.008487084752565210 	
0.018438714628449454 	
0.021781819813978667 	
0.035125002296766066 	
0.079849276911199543 	
0.030131759017079329 	
0.064512169329981980 	
0.079531655593997302 	
0.036493796152553402 	
0.023706711512939103 	
0.081078687908829147 	
0.104510008317827335 	
0.072350574413999072 	
0.000000000000000000 	
0.500000000000000000 	
0.006649500014803107 	
0.042083101883260393 	
0.096108100347103070 	
0.031134341872258896 	
0.063770275096630899 	
0.070222959784376593 	
0.070303843843342095 	
0.071833044075787264 	
0.049202566028618104 	
0.074525656594957870 	
0.033490873110402164 	
0.012131643917042247 	
0.058459817685325544 	
0.055407620326760595 	
0.000961990422607392 	
0.004649645964163056 	
0.014023315862389125 	
0.052441186411153452 	
0.031776905205084770 	
0.048504676447916707 	
0.033473717718651499 	
0.023324227514730764 	
0.062322927963797771 	
0.068773327384180391 	
0.034054500527723207 	
0.018991486814112356 	
0.041942431097605523 	
0.014098162050182571 	
0.020714306918586056 	
0.018594701513604980 	
0.037473965296307934 	
0.052848436904493465 	
0.045611839599243247 	
0.074596364469785209 	
0.020408282665596265 	
0.020546612899990782 	
0.004836304778487499 	
0.024899360958231191 	
0.042549347181418833 	
0.034084667580457882 	
0.081665347067289673 	
0.095656684393612898 	
0.046642003971437411 	
0.071806305085582764 	
0.038878519306619029 	
0.086734768150511440 	
0.028190063474980157 	
0.500000000000000000 	
0.004081795880662617 	
0.040740223610827159 	
0.070364574654922490 	
0.047952856048414406 	
0.102467412562454133 	
0.040711729444237871 	
0.054815731418763274 	
0.059845430994145951 	
0.082328890759258089 	
0.032886358639230708 	
0.043454633999072671 	
0.037902331101317063 	
0.071237134665488158 	
0.008085737481808082 	
0.004598332660137803 	
0.000000002691352807 	
0.000000002691353473 	
0.000000002691352918 	
0.000000002691352696 	
0.000000002691352696 	
0.000000002691352807 	
0.000000002691352807 	
0.018609258316661308 	
0.036562706833332112 	
0.033291869151122526 	
0.085467290815979383 	
0.053672633255320859 	
0.058505553302051629 	
0.054384997967765261 	
0.077315680162141465 	
0.032305860636957430 	
0.026523927799453128 	
0.041704442075587975 	
0.022699808742647300 	
0.036570041932206192 	
0.066904777694648018 	
0.037471838422351376 	
0.087313873736695274 	
0.030757349318941196 	
0.048190104680703325 	
0.045809755941851035 	
0.033096726517639043 	
0.065475094413589327 	
0.083442471735410279 	
0.090571773892635946 	
0.500000000000000000 	
0.003458814826168768 	
0.050143780545369644 	
0.100675616391506045 	
0.051946179590622261 	
0.103776986618508288 	
0.062818123981932802 	
0.035499884097678930 	
0.037555295013124337 	
0.042975954555402991 	
0.104320541554960552 	
0.041878814331119896 	
0.053424801720478796 	
0.002415906940847225 	
0.013251361322426382 	
0.021335865428677769 	
0.031298772177202928 	
0.033596522958313481 	
0.063472522887550301 	
0.027603999374374095 	
0.038974157536486954 	
0.029198966342277546 	
0.029850301745549795 	
0.048568650848014927 	
0.068267235686578678 	
0.016760717832324027 	
0.066113493893202244 	
0.051621478975482742 	
0.024590518343711249 	
0.034214920556100571 	
0.048683315435173180 	
0.037467741560025927 	
0.049841457030547515 	
0.047443058734782488 	
0.026673080917471052 	
0.029181891311232937 	
0.017748856444610810 	
0.069289061118331122 	
0.054597179448593651 	
0.094341558505048287 	
0.077844254494237361 	
0.085992915679940593 	
0.085742666928187827 	
0.034707701940818299 	
0.500000000000000000 	
0.005924022779414151 	
0.053902501092919358 	
0.052760165001040193 	
0.077338273714966294 	
0.034808880614570263 	
0.038196455465731562 	
0.106710321668225111 	
0.039614771783654988 	
0.046345692234957228 	
0.007751184716703693 	
0.034478964419929495 	
0.095865668756430156 	
0.025335752495021409 	
0.032066079306066253 	
0.081664101213220555 	
0.008038217395461374 	
0.001306827024260980 	
0.000150349995468392 	
0.014987545441737858 	
0.046164102777517188 	
0.043413487121660078 	
0.019974424016293454 	
0.073980963684669374 	
0.034881039851905563 	
0.060172063161525874 	
0.049142741035559184 	
0.021285023573696073 	
0.013475920965651877 	
0.028972496632547064 	
0.015982139881911290 	
0.052039495667596102 	
0.052215548458943842 	
0.044080292870749521 	
0.031860224003518428 	
0.029296594120374175 	
0.038745764077126238 	
0.060309135551362823 	
0.060204734181189157 	
0.083642399970084505 	
0.081247658044210219 	
0.063481685993356740 	
0.050513447439374672 	
0.063443495907184830 	
0.000000000000000000 	
0.500000000000000000 	
0.003346000050834616 	
0.043842736980475486 	
0.071863482837914286 	
0.059560154436355636 	
0.069219479254451197 	
0.037595474997706865 	
0.058938389906589596 	
0.062331789684986226 	
0.062401928792276483 	
0.058428330635971963 	
0.038353489835526236 	
0.000857979157888415 	
0.021321502024596956 	
0.028623940833189178 	
0.039567451011532306 	
0.036049350269389296 	
0.071722756509568913 	
0.046234797000643792 	
0.024956787357287406 	
0.034020801054433836 	
0.034658871296422283 	
0.055778153943206926 	
0.033720088390500932 	
0.016585373027900426 	
0.056446726152878331 	
0.021527598918144979 	
0.023449268629945858 	
0.007466014889114862 	
0.023403087653439295 	
0.058137746598073817 	
0.063030804549538355 	
0.040018428722627279 	
0.049504679479221395 	
0.074468870527234138 	
0.048181269317572509 	
0.020462959403867602 	
0.089783439664881018 	
0.085675407076716378 	
0.040797164678976115 	
0.035035566623100700 	
0.075983574156917227 	
0.138622473540895463 	
0.000000000000000000 	
0.500000000000000000 	
0.000000000000000000 	
0.000000000000000000 	
0.000000000000000000 	
0.000000000000000000 	
0.000000000000000000 	
0.000000000000000000 	
0.054446729908619235 	
0.098954962205603819 	
0.070141018870178068 	
0.073390184696459443 	
0.036493844784120842 	
0.039799401592908783 	
0.051702114864247743 	
0.030182518563881683 	
0.069387368040639164 	
0.026154119457433705 	
0.040926325353131662 	
0.014071828254453788 	
0.015761038065157155 	
0.031402292656347003 	
0.020373812737682139 	
0.030218636114292770 	
0.037622643381275300 	
0.086180608136449649 	
0.041383700782523625 	
0.034353210772050898 	
0.023870774017830974 	
0.020320017246541030 	
0.018130857899932986 	
0.051436436406361224 	
0.053910969294953003 	
0.063535084964708818 	
0.049200872964291958 	
0.106275983423565007 	
0.100416963895313238 	
0.066603727173455279 	
0.002087008805929403 	
0.500000000000000000 	
0.000000000000000000 	
0.000000000000000000 	
0.000000000000000000 	
0.000000000000000000 	
0.000000000000000000 	
0.000000000000000000 	
0.001407396283021917 	
0.088473322614853619 	
0.038519794491564396 	
0.030072804946270744 	
0.101537846815856245 	
0.026943109995986890 	
0.013565605986289843 	
0.012728988833754850 	
0.008282763317925244 	
0.032616217001631392 	
0.054174292651547724 	
0.058621096161416662 	
0.034790898147987054 	
0.049173301469909364 	
0.030400790968370863 	
0.031034134934406366 	
0.058735430764893869 	
0.044051159650473577 	
0.056920745421783915 	
0.026105708650945771 	
0.026379591267050324 	
0.040683649386737145 	
0.080183008475599907 	
0.080256612527973573 	
0.098897859885700531 	
0.085311473744798250 	
0.022408987946329121 	
0.000000000000000000 	
0.500000000000000000 	
0.000000000000000000 	
0.000000000000000000 	
0.000000000000000000 	
0.000000000000000000 	
0.000000000000000000 	
0.000000000000000000 	
0.000000000000000000 	
0.058969648606216465 	
0.077779486026185646 	
0.041122352048115832 	
0.074626964905879278 	
0.073530307919756815 	
0.037648339530628711 	
0.010629264726384681 	
0.026269190634050015 	
0.022593962561226977 	
0.037376008306681162 	
0.039396764385458242 	
0.070785037369987369 	
0.071228097893545894 	
0.050489832472636463 	
0.071957700697092786 	
0.064155808485030622 	
0.025200843245315546 	
0.041508268937615882 	
0.060987106343811999 	
0.011161455481773205 	
0.039722091015541708 	
0.090680345124771092 	
0.142637037350292623 	
0.102699729980422719 	
0.038681157478337884 	
0.000000000000000000 	
0.500000000000000000 	
0.008967378345552434 	
0.057832922140748727 	
0.064931827833471359 	
0.079498992553600392 	
0.048729120895905163 	
0.052104993444694228 	
0.080414693718097230 	
0.069604296349393732 	
0.116068678013086762 	
0.034672202208545132 	
0.011223365551001891 	
0.000028664177390798 	
0.000034995253126924 	
0.000034995264361048 	
0.003446021073662636 	
0.066143592017539901 	
0.088187578006088244 	
0.117541420277284966 	
0.072219045194852033 	
0.037735286604146490 	
0.042388959053336533 	
0.013698371207734476 	
0.009649925003428126 	
0.044354458375368278 	
0.076466242403695164 	
0.105632454432027012 	
0.117412718402151048 	
0.060841609347907236 	
0.000000000000000000 	
0.500000000000000000 	
0.009540461911288873 	
0.074858340375711055 	
0.095533601239823795 	
0.111116622903508391 	
0.126210366153973130 	
0.039524924678545917 	
0.034409868042731530 	
0.028501399628365148 	
0.055069875158684105 	
0.094992226498818375 	
0.076449259036685160 	
0.036276008797833638 	
0.029059264848074636 	
0.029043707620454495 	
0.075371898211852084 	
0.043495582059417663 	
0.087927612355847048 	
0.029863630147071787 	
0.039865795543982327 	
0.061507204539289130 	
0.043963356407282030 	
0.149330982821630542 	
0.075742182953588255 	
0.064749317466412021 	
0.000000000000000000 	
0.000000000000000000 	
0.500000000000000000 	
0.008719720396018106 	
0.104099490062693950 	
0.108754031891536707 	
0.135472357748898570 	
0.045118356312956014 	
0.022351381807038835 	
0.069552393521306585 	
0.060046002272070749 	
0.047649574843432185 	
0.034251017999968977 	
0.037908672023458240 	
0.025855925706065461 	
0.027812202290240104 	
0.045522152528544170 	
0.069196948838780109 	
0.042976090372074630 	
0.020999325527663447 	
0.084094321381343679 	
0.056769283328485388 	
0.059560193868770095 	
0.060895620406107520 	
0.054764159016985725 	
0.094335149302445409 	
0.049991943287397297 	
0.000000000000000000 	
0.000000000000000000 	
0.500000000000000000 	
0.023897898158312815 	
0.078419947752937785 	
0.112108563395023508 	
0.045034821492646648 	
0.088635610464555314 	
0.105403143298502699 	
0.030445657523492178 	
0.006624056022512348 	
0.000012557230065016 	
0.000012557230065016 	
0.061833352353605091 	
0.088947194487271425 	
0.068422221078387815 	
0.039280135114459977 	
0.040746239955338319 	
0.080337243291950189 	
0.075159068380158484 	
0.119634168681679559 	
0.500000000000000000 	
0.004862066740951287 	
0.087304472905270325 	
0.077068642329257517 	
0.100812431891244114 	
0.062815429285976179 	
0.079507057835639008 	
0.074032013783519784 	
0.049394270061441696 	
0.002181774382929564 	
0.029417617097353962 	
0.020073224667123253 	
0.054128941414199133 	
0.074764278222050382 	
0.082429333504437499 	
0.069860449057655802 	
0.077945735699093965 	
0.100406164929690414 	
0.053535177153129374 	
0.000000000000000000 	
0.000000000000000000 	
0.500000000000000000 	
0.000000000000000000 	
0.000000000000000000 	
0.000000000000000000 	
0.000000000000000000 	
0.032091514178394731 	
0.124880895793468713 	
0.072319557842619883 	
0.051461479736376971 	
0.060492805539560615 	
0.049019406238185313 	
0.074261773953376423 	
0.069699376454109979 	
0.119503223038548198 	
0.009346261211458009 	
0.500000000000000000 	
0.000000000000000000 	
0.000000000000000000 	
0.000000000000000000 	
0.000000000000000000 	
0.000000000000000000 	
0.038153326347160760 	
0.086411437435299318 	
0.082748888113942903 	
0.086886153848213715 	
0.032358380104115549 	
0.043930167945800846 	
0.110242889853020845 	
0.019193146895678130 	
0.095257482679487263 	
0.060648437590244325 	
0.000000000000000000 	
0.500000000000000000 	
0.000000000000000000 	
0.021341550060002639 	
0.055830913852973514 	
0.060410322552580678 	
0.061022355568409098 	
0.026579587597846670 	
0.029727301139561534 	
0.084185849301806073 	
0.012120934799631982 	
0.043168336751515921 	
0.083442246264830308 	
0.024123509450461402 	
0.070955615859828472 	
0.036424632933770539 	
0.058846256414423995 	
0.030887475515054778 	
0.017124313157673425 	
0.020073734480507584 	
0.000271626045465316 	
0.001325787128589143 	
0.002280333985559043 	
0.037107779325607569 	
0.033331665131901216 	
0.003364525984528615 	
0.003166554332312449 	
0.009759466457083603 	
0.006945260435790210 	
0.019133482346477083 	
0.031807385949079885 	
0.034271279526158299 	
0.028473340200041320 	
0.036993796874125857 	
0.019141490597389007 	
0.006608995062208492 	
0.018572820669980429 	
0.035648760213038436 	
0.044650577799186270 	
0.038418785849794787 	
0.039078135051350771 	
0.079061261980308439 	
0.014265884195297552 	
0.031039912470219217 	
0.019729048174161590 	
0.022967888187418208 	
0.081028284550979823 	
0.103715052415233641 	
0.071210133831121361 	
0.045489206408496581 	
0.069314068421653593 	
0.000000000000000000 	
